30kV 30kV 30kV   233  174  116  203  25  228  273  145  197  0  3533  260'
00kV 30kV 30kV   136  160  184  142  7  135  166  270  138  0  3536  260'
00kV 00kV 30kV   161  240  320  138  0  138  206  342  137  0  3533  257'
30kV 00kV 00kV   489  421  353  318  0  65527  463  341  65524  0  3536  260'
60kV 60kV 60kV   615  422  229  180  32  218  582  252  181  0  3533  260'
00kV 60kV 60kV   330  412  495  36  13  23  316  493  34  0  3536  262'
60kV 00kV 60kV   780  702  625  305  32  337  752  605  303  0  3533  272'
00kV 60kV 00kV   213  273  333  70  3  67  274  361  69  0  3536  260'
60kV 00kV 00kV   936  824  712  224  0  224  887  667  221  0  3533  260'
60kV 60kV 60kV   0  0  0  0  0  0  0  0  0  0  3533  251'
