X X X   6  5  4  9  69  58  2  2  178  0  3579  180'
10kV 10kV 10kV   311  251  191  164  57  221  119  105  186  0  3579  180'
20kV 20kV 20kV   612  486  361  263  55  316  210  185  330  0  3579  177'
30kV 30kV 30kV   891  703  516  127  52  179  287  253  147  0  3579  177'
X 10kV 10kV   234  269  305  308  9  299  121  131  319  0  3581  180'
X 20kV 20kV   401  462  524  217  9  207  190  207  258  0  3579  177'
X 30kV 30kV   592  684  776  331  9  322  270  286  342  0  3581  180'
10kV X 10kV   411  375  338  350  39  29  165  160  12  0  3579  180'
20kV X 20kV   820  742  665  70  37  107  293  290  101  0  3579  180'
30kV X 30kV   1160  1047  934  91  37  128  406  398  113  0  3579  180'
10kV 10kV X   449  365  283  314  4  310  174  142  324  0  3579  180'
20kV 20kV X   866  702  539  315  4  311  308  265  319  0  3579  177'
30kV 30kV X   1211  992  773  274  5  269  429  364  283  0  3579  177'
X X 10kV   253  300  348  83  0  83  120  139  98  0  3582  180'
X X 20kV   453  536  619  102  1  103  213  229  116  0  3582  177'
X X 30kV   653  760  877  21  1  20  295  321  35  0  3579  180'
X 10kV X   170  175  181  90  1  91  75  78  94  0  3579  177'
X 20kV X   304  313  322  49  1  50  129  133  61  0  3579  180'
X 30kV X   442  456  470  21  1  22  195  198  35  0  3579  177'
10kV X X   516  428  340  59  7  66  201  174  71  0  3579  177'
20kV X X   950  792  634  328  8  336  336  298  319  0  3582  180'
30kV X X   1334  1135  936  176  8  184  482  427  190  0  3579  177'
X X X   15  13  11  83  1  84  9  10  48  0  3581  177'
