trikot vezava konec meritev 17:52, vreme lepo soncno rahel veter vzorec x

X X X   2  2  3  209  70  279  1  1  222  0  3579  190'
10kV 10kV 10kV   114  154  196  39  63  102  62  85  79  0  3579  190'
20kV 20kV 20kV   210  276  343  145  68  213  98  136  3  0  3579  190'
30kV 30kV 30kV   321  405  490  311  67  18  136  188  346  0  3579  190'
X 10kV 10kV   245  285  325  166  12  154  125  135  178  0  3581  185'
X 20kV 20kV   451  523  596  177  13  164  216  227  188  0  3579  190'
X 30kV 30kV   659  764  869  212  13  199  299  318  222  0  3579  190'
10kV X 10kV   270  301  333  165  34  199  118  138  190  0  3582  190'
20kV X 20kV   512  568  624  22  33  55  215  245  47  0  3579  190'
30kV X 30kV   736  805  874  320  36  65532  293  331  132  0  3581  193'
10kV 10kV X   275  242  209  142  7  135  114  100  154  0  3581  190'
20kV 20kV X   516  451  387  34  6  28  207  182  45  0  3579  190'
30kV 30kV X   756  659  563  242  6  236  288  257  254  0  3579  190'
X X 10kV   261  314  368  18  1  20  127  149  349  0  3579  185'
X X 20kV   479  579  679  219  1  220  229  253  234  0  3579  190'
X X 30kV   711  835  971  36  0  36  320  348  51  0  3579  193'
X 10kV X   175  176  177  108  2  110  74  77  126  0  3579  193'
X 20kV X   324  326  329  69  3  72  139  144  84  0  3579  193'
X 30kV X   476  479  482  226  3  229  202  203  240  0  3581  193'
10kV X X   315  278  241  34  6  40  127  114  47  0  3582  193'
20kV X X   594  523  453  153  7  160  233  213  112  0  3579  193'
30kV X X   880  777  674  245  7  252  324  301  258  0  3579  193'
X X X   4  4  4  209  36  245  2  2  214  0  3581  190'
