X X X   1  1  2  170  17  153  1  1  186  0  3579  197'
10kV 10kV 10kV   53  75  98  111  19  130  38  46  137  0  3579  197'
20kV 20kV 20kV   82  123  165  34  23  57  58  70  68  0  3581  193'
30kV 30kV 30kV   105  164  224  276  22  298  72  96  303  0  3579  193'
X 10kV 10kV   195  207  220  48  7  41  87  96  250  0  3579  193'
X 20kV 20kV   361  383  405  122  6  116  161  169  135  0  3579  193'
X 30kV 30kV   518  549  581  303  6  297  221  225  315  0  3579  193'
10kV X 10kV   188  202  216  211  18  229  83  92  231  0  3579  193'
20kV X 20kV   350  373  397  263  16  280  155  167  110  0  3581  193'
30kV X 30kV   503  541  580  182  17  199  214  229  202  0  3581  193'
10kV 10kV X   177  170  163  25  1  23  76  73  8  0  3579  193'
20kV 20kV X   329  316  304  48  3  241  138  132  256  0  3579  193'
30kV 30kV X   466  448  431  135  2  133  190  186  150  0  3582  190'
X X 10kV   200  216  234  115  1  116  86  97  132  0  3579  193'
X X 20kV   355  391  427  128  2  130  162  173  141  0  3579  193'
X X 30kV   524  577  631  77  2  79  229  244  91  0  3579  193'
X 10kV X   166  167  169  238  5  243  70  72  253  0  3579  193'
X 20kV X   309  310  311  167  3  170  131  132  182  0  3579  193'
X 30kV X   446  447  449  22  4  26  189  191  37  0  3579  193'
10kV X X   183  172  162  21  4  25  76  72  34  0  3579  193'
20kV X X   348  329  310  246  4  230  143  138  239  0  3579  193'
30kV X X   522  493  464  55  5  60  209  200  35  0  3579  193'
X X X   0  0  0  183  31  214  0  0  226  0  3579  193'
