X X X   13  11  9  36  1  37  11  12  4  0  3581  177'
10kV 10kV 10kV   298  240  182  342  59  41  112  99  1  0  3579  177'
20kV 20kV 20kV   589  470  352  211  53  264  202  176  231  0  3579  177'
30kV 30kV 30kV   859  685  511  71  53  124  275  245  90  0  3579  177'
X 10kV 10kV   218  251  285  112  9  103  108  116  123  0  3579  177'
X 20kV 20kV   417  481  546  183  10  173  196  209  193  0  3579  168'
X 30kV 30kV   597  686  775  80  10  70  270  287  91  0  3579  177'
10kV X 10kV   430  388  347  91  38  129  168  162  113  0  3581  168'
20kV X 20kV   817  736  655  45  38  10  286  285  65530  0  3579  177'
30kV X 30kV   1164  1051  939  313  37  350  405  397  334  0  3579  177'
10kV 10kV X   457  372  288  50  4  46  176  148  60  0  3579  177'
20kV 20kV X   878  713  549  313  5  308  312  267  324  0  3579  168'
30kV 30kV X   1241  1016  792  118  4  114  438  369  128  0  3579  168'
X X 10kV   241  284  327  109  2  109  111  130  78  0  3579  177'
X X 20kV   436  523  604  28  1  29  209  225  43  0  3579  177'
X X 30kV   644  755  867  265  2  265  289  34  65530  0  3579  168'
X 10kV X   155  162  170  243  0  243  68  69  257  0  3581  177'
X 20kV X   296  305  315  214  1  215  127  130  226  0  3579  171'
X 30kV X   426  446  461  237  2  239  191  198  251  0  3581  177'
10kV X X   525  436  347  238  7  245  202  176  251  0  3579  168'
20kV X X   963  804  646  205  8  213  342  306  218  0  3579  168'
30kV X X   1353  1152  951  300  7  308  491  431  295  0  3579  168'
X X X   13  10  8  70  7  63  7  7  75  0  3579  177'
