10kV 10kV 10kV   125  156  188  265  66  331  62  83  300  0  3581  193'
20kV 20kV 20kV   220  275  331  278  69  347  94  126  313  0  3579  193'
30kV 30kV 30kV   344  429  515  2  69  67  146  192  344  0  3582  193'
X 10kV 10kV   226  263  300  146  13  133  116  123  107  0  3579  193'
X 20kV 20kV   437  507  578  278  13  265  207  221  285  0  3579  193'
X 30kV 30kV   663  769  876  68  12  56  301  320  77  0  3579  193'
10kV X 10kV   270  300  323  242  34  276  119  136  265  0  3579  193'
20kV X 20kV   506  560  615  349  34  23  213  241  114  0  3579  193'
30kV X 30kV   729  790  851  69  34  103  287  323  93  0  3579  193'
10kV 10kV X   272  240  208  345  6  339  112  97  65534  0  3579  193'
20kV 20kV X   519  453  387  214  5  209  206  182  226  0  3581  193'
30kV 30kV X   761  650  555  196  6  190  279  251  206  0  3579  193'
X X 10kV   251  303  356  56  1  56  117  142  213  0  3579  193'
X X 20kV   453  548  643  336  0  336  218  241  352  0  3579  190'
X X 30kV   686  819  953  256  0  255  312  338  27  0  3579  193'
X 10kV X   177  177  177  235  2  237  74  77  249  0  3581  193'
X 20kV X   312  314  316  185  3  188  134  136  162  0  3579  193'
X 30kV X   471  474  478  64  4  68  204  204  78  0  3582  190'
10kV X X   606  532  458  305  7  312  232  214  284  0  3579  193'
20kV X X   613  541  467  257  6  263  236  217  271  0  3582  193'
30kV X X   887  784  681  118  7  125  327  303  80  0  3581  193'
X X X   3  3  3  262  59  321  2  2  267  0  3579  193'
X X X   0  0  0  227  6  233  0  0  249  0  3579  193'
X X X   0  0  0  239  9  230  0  0  240  0  3579  193'
